0 0.438078 0.582187 0.048578 0.062819
0 0.624164 0.678694 0.076297 0.099833
0 0.291402 0.503000 0.037820 0.048167
0 0.552098 0.473646 0.050805 0.052569
0 0.778047 0.646319 0.085313 0.107361
0 0.474801 0.631903 0.056961 0.080361
0 0.699648 0.538715 0.054922 0.056597
0 0.736105 0.518403 0.052773 0.050639
0 0.616543 0.498319 0.051570 0.058306
0 0.842543 0.615944 0.072773 0.069472
0 0.343875 0.417271 0.022125 0.024097
0 0.299594 0.403299 0.024719 0.024292
0 0.268363 0.414674 0.016914 0.017736
0 0.227809 0.406188 0.019086 0.023903
0 0.269148 0.435299 0.032313 0.025458
0 0.236184 0.442243 0.031883 0.027764
0 0.274566 0.462868 0.034914 0.034319
0 0.384746 0.482625 0.036383 0.037028
0 0.323641 0.447604 0.038141 0.042819
0 0.374414 0.440750 0.028203 0.028222
0 0.262273 0.898542 0.121719 0.191667
0 0.285625 0.625569 0.053938 0.103528
0 0.405305 0.449965 0.029813 0.029958
0 0.564039 0.445507 0.030359 0.024347
0 0.518602 0.432986 0.045547 0.032917
0 0.463699 0.451785 0.036148 0.031986
0 0.662125 0.472215 0.046906 0.035542
0 0.543082 0.584042 0.054289 0.076389
0 0.463676 0.519535 0.055164 0.059875
0 0.379047 0.513083 0.044422 0.057278
0 0.990152 0.649306 0.019367 0.041944
0 0.327461 0.539847 0.039609 0.062194
0 0.231055 0.469514 0.032422 0.033472
