0 0.597602 0.826569 0.094047 0.139778
0 0.443539 0.502944 0.049437 0.066778
0 0.401004 0.677424 0.060992 0.114903
0 0.657918 0.699174 0.088586 0.113542
0 0.544996 0.502125 0.044727 0.050056
0 0.308668 0.521285 0.039961 0.057486
0 0.650879 0.573160 0.051320 0.038792
0 0.628617 0.510549 0.052250 0.047597
0 0.920125 0.651618 0.100234 0.102764
0 0.766156 0.642278 0.077375 0.085111
0 0.495871 0.628722 0.062008 0.102194
0 0.466594 0.448361 0.038844 0.035611
0 0.419063 0.435903 0.038750 0.035139
0 0.370937 0.590764 0.048281 0.067639
0 0.346273 0.421389 0.031047 0.025833
0 0.874711 0.931778 0.150578 0.135611
0 0.703211 0.503819 0.055297 0.055417
0 0.664418 0.966604 0.110633 0.064764
0 0.530898 0.585417 0.053062 0.065556
0 0.235148 0.920569 0.116078 0.158861
0 0.375008 0.520257 0.042406 0.050792
0 0.333227 0.483201 0.041156 0.039264
0 0.380402 0.479187 0.039148 0.033014
0 0.256809 0.479854 0.034352 0.042375
0 0.250555 0.446847 0.032359 0.028111
0 0.199496 0.450451 0.015852 0.033931
0 0.974176 0.836451 0.051273 0.120708
0 0.550383 0.460229 0.037641 0.033014
0 0.470332 0.422090 0.034883 0.022764
0 0.407215 0.414507 0.032602 0.028097
0 0.296492 0.417750 0.028656 0.023611
0 0.264488 0.414965 0.020289 0.020264
0 0.217813 0.404042 0.018875 0.023222
0 0.352402 0.401667 0.023242 0.022333
