0 0.700340 0.598917 0.066695 0.071306
0 0.236813 0.520875 0.036000 0.053167
0 0.263957 0.484736 0.035133 0.041806
0 0.229391 0.451965 0.036844 0.037153
0 0.243879 0.409701 0.028633 0.026597
0 0.212957 0.405278 0.021070 0.026944
0 0.576258 0.483083 0.050875 0.052889
0 0.456187 0.604014 0.051344 0.077194
0 0.715336 0.513646 0.055375 0.059792
0 0.340656 0.542938 0.051359 0.061986
0 0.409402 0.675194 0.059086 0.113833
0 0.284355 0.686944 0.061523 0.118333
0 0.850840 0.692937 0.089523 0.085319
0 0.522414 0.660681 0.073109 0.117750
0 0.266211 0.587076 0.045391 0.076542
0 0.774723 0.867715 0.118664 0.142903
0 0.878348 0.645674 0.081539 0.071264
0 0.246949 0.912847 0.098727 0.161528
0 0.362152 0.434639 0.032414 0.027611
0 0.315039 0.424312 0.026016 0.023069
0 0.421836 0.542222 0.054031 0.064944
0 0.494328 0.551924 0.049750 0.055236
0 0.675137 0.960660 0.117398 0.078681
0 0.979375 0.598215 0.041250 0.143375
0 0.444441 0.461417 0.036273 0.032250
0 0.488949 0.438722 0.030570 0.033444
0 0.372555 0.409458 0.030906 0.026278
0 0.311582 0.402889 0.027883 0.025083
