0 0.614629 0.505535 0.049148 0.047292
0 0.558398 0.772917 0.078359 0.115833
0 0.835090 0.689382 0.090305 0.084542
0 0.502848 0.649896 0.069930 0.107847
0 0.245195 0.468882 0.037844 0.045958
0 0.352063 0.438153 0.024984 0.019639
0 0.825617 0.553174 0.072453 0.071042
0 0.765852 0.602361 0.068687 0.075500
0 0.310238 0.402007 0.020602 0.021375
0 0.272117 0.409632 0.028844 0.026375
0 0.323066 0.420625 0.029992 0.028000
0 0.970074 0.721292 0.059602 0.085611
0 0.227234 0.934931 0.100688 0.128472
0 0.434527 0.948056 0.122320 0.102333
0 0.262316 0.546514 0.041648 0.058861
0 0.315113 0.475438 0.043164 0.038097
0 0.383715 0.485347 0.041961 0.042361
0 0.623645 0.454972 0.047789 0.032250
0 0.632152 0.479597 0.047945 0.033694
0 0.488203 0.457007 0.028750 0.023764
0 0.462383 0.471736 0.032734 0.034583
0 0.390066 0.433215 0.034195 0.027736
0 0.323242 0.526597 0.045234 0.071250
0 0.282109 0.651667 0.056094 0.094722
0 0.555957 0.460847 0.035898 0.038972
