0 0.343008 0.410646 0.024688 0.020014
0 0.252496 0.405965 0.027367 0.028319
0 0.853082 0.942514 0.107055 0.108250
0 0.985582 0.636264 0.028383 0.087583
0 0.273965 0.839493 0.085648 0.135764
0 0.382117 0.624201 0.050766 0.077236
0 0.830078 0.612056 0.070938 0.062139
0 0.632617 0.561611 0.051484 0.050389
0 0.335371 0.426847 0.026133 0.022861
0 0.664023 0.522146 0.050703 0.044569
0 0.423496 0.421687 0.036445 0.034153
0 0.507188 0.463361 0.039531 0.035778
0 0.858016 0.702611 0.106781 0.081972
0 0.563320 0.490201 0.045703 0.037986
0 0.568945 0.448924 0.042734 0.034847
0 0.433000 0.899375 0.102344 0.195417
0 0.597383 0.641236 0.068359 0.082056
0 0.344160 0.493875 0.039180 0.041639
0 0.294734 0.466833 0.039125 0.044333
0 0.189367 0.393972 0.018828 0.019333
0 0.308125 0.528056 0.042500 0.066944
0 0.238551 0.520556 0.038055 0.054722
0 0.192551 0.442208 0.019898 0.035806
0 0.189715 0.470319 0.016352 0.043306
