0 0.258871 0.546056 0.041852 0.098833
0 0.963516 0.606118 0.071719 0.074153
0 0.802031 0.507639 0.064844 0.049167
0 0.572109 0.523132 0.047344 0.043486
0 0.188773 0.434799 0.032313 0.062069
0 0.219246 0.392569 0.020617 0.023667
0 0.248016 0.402229 0.029047 0.025653
0 0.282879 0.404556 0.026430 0.023000
0 0.303121 0.422556 0.021930 0.021000
0 0.344551 0.432222 0.025680 0.023667
0 0.365535 0.413562 0.020445 0.022319
0 0.709703 0.551840 0.060687 0.062014
0 0.821996 0.559021 0.068773 0.055764
0 0.424316 0.566549 0.052336 0.080403
0 0.301055 0.650069 0.051656 0.093056
0 0.387668 0.429722 0.029617 0.029944
0 0.275742 0.490208 0.037953 0.041639
0 0.321281 0.476708 0.036656 0.034694
0 0.373113 0.511021 0.044023 0.047042
0 0.257266 0.947764 0.096406 0.104472
0 0.472426 0.973139 0.106820 0.053722
0 0.627563 0.877757 0.117594 0.177597
0 0.507031 0.426056 0.101875 0.082056
0 0.652238 0.441813 0.123492 0.085292
0 0.332496 0.536979 0.043039 0.062375
0 0.778430 0.655236 0.084578 0.071583
0 0.682031 0.497563 0.052500 0.052875
0 0.565293 0.478840 0.051898 0.052153
