0 0.473746 0.426333 0.047430 0.043778
0 0.392020 0.443451 0.034242 0.029375
0 0.330141 0.546278 0.041656 0.057556
0 0.285980 0.631264 0.044164 0.069583
0 0.274574 0.591111 0.038367 0.057111
0 0.236422 0.522861 0.034375 0.046389
0 0.203547 0.480257 0.028359 0.044153
0 0.240309 0.466653 0.033117 0.037472
0 0.262516 0.449257 0.036891 0.034792
0 0.213828 0.438743 0.032813 0.032514
0 0.238426 0.402639 0.023336 0.029000
0 0.522504 0.693181 0.066523 0.116250
0 0.682719 0.721694 0.086203 0.128083
0 0.811191 0.676153 0.085023 0.082917
0 0.936516 0.692208 0.085641 0.076556
0 0.378699 0.409104 0.023508 0.020514
0 0.381082 0.426722 0.028602 0.023639
0 0.314461 0.416465 0.029359 0.024542
0 0.264512 0.412674 0.023867 0.028542
0 0.447281 0.573403 0.053781 0.065833
0 0.596523 0.529813 0.038641 0.048931
0 0.397578 0.657521 0.069687 0.137236
0 0.610254 0.474090 0.050336 0.051625
0 0.929129 0.608486 0.083602 0.075306
0 0.676910 0.580743 0.062211 0.066819
0 0.663152 0.476292 0.043758 0.030861
0 0.979398 0.580125 0.041125 0.071694
0 0.283188 0.778458 0.079406 0.162250
0 0.886457 0.962521 0.139273 0.073847
0 0.678348 0.964597 0.106664 0.070806
0 0.546031 0.583410 0.067125 0.099903
0 0.499969 0.483917 0.046172 0.044611
0 0.444387 0.464958 0.036383 0.037028
0 0.536609 0.437076 0.038141 0.032125
