0 0.274430 0.599306 0.042500 0.069444
0 0.778750 0.561993 0.083906 0.095264
0 0.719727 0.602792 0.065547 0.077750
0 0.306184 0.413299 0.020102 0.019597
0 0.575605 0.480167 0.052039 0.051056
0 0.850078 0.562396 0.061766 0.079153
0 0.431898 0.938354 0.126453 0.121986
0 0.814809 0.931174 0.149305 0.137653
0 0.454219 0.520000 0.046359 0.053750
0 0.257871 0.550757 0.038633 0.050764
0 0.265578 0.482083 0.040906 0.046389
0 0.346113 0.490785 0.043945 0.053986
0 0.374473 0.440458 0.033211 0.031389
0 0.407859 0.433729 0.030500 0.026042
0 0.211828 0.397819 0.026094 0.029444
0 0.249469 0.394250 0.025594 0.026778
0 0.184230 0.388674 0.019070 0.023653
0 0.780309 0.423174 0.036539 0.046292
0 0.528711 0.726479 0.068359 0.103097
0 0.480789 0.437611 0.035234 0.030028
0 0.615297 0.475778 0.033812 0.034639
0 0.482652 0.471049 0.040945 0.031264
0 0.385652 0.626479 0.059008 0.094069
0 0.584844 0.524444 0.049688 0.046111
0 0.454559 0.587799 0.055883 0.070347
