0 0.391062 0.636701 0.088016 0.183931
0 0.401156 0.414826 0.033531 0.031403
0 0.261043 0.484438 0.034117 0.041319
0 0.261617 0.454785 0.033719 0.034653
0 0.288598 0.441618 0.036367 0.034319
0 0.260672 0.411229 0.027281 0.024653
0 0.212117 0.403729 0.019766 0.021625
0 0.292254 0.506646 0.039008 0.062097
0 0.328020 0.541375 0.038570 0.062972
0 0.508844 0.566375 0.054641 0.063167
0 0.301063 0.596229 0.042797 0.074347
0 0.544289 0.733528 0.073797 0.110306
0 0.748547 0.577972 0.070609 0.064361
0 0.737738 0.492535 0.051555 0.051847
0 0.293238 0.778486 0.072430 0.150000
0 0.897969 0.457917 0.064844 0.059722
0 0.251203 0.551090 0.040094 0.049458
0 0.912070 0.595208 0.081953 0.055417
0 0.323074 0.417250 0.039430 0.034167
0 0.331484 0.486021 0.038594 0.046042
0 0.919309 0.550160 0.069867 0.055542
0 0.734734 0.798674 0.113781 0.170181
0 0.432348 0.569632 0.028555 0.061514
0 0.431844 0.509910 0.045688 0.061514
0 0.370996 0.476368 0.035430 0.035319
