0 0.287473 0.405771 0.025758 0.028625
0 0.341484 0.542153 0.040625 0.063472
0 0.248480 0.520667 0.044133 0.078444
0 0.255098 0.457333 0.030461 0.030528
0 0.243852 0.432389 0.036516 0.029000
0 0.972168 0.721056 0.054648 0.104528
0 0.835691 0.554049 0.081289 0.065097
0 0.516684 0.438306 0.046414 0.039333
0 0.430914 0.421146 0.034484 0.033542
0 0.364875 0.436569 0.036437 0.032778
0 0.326051 0.420764 0.029930 0.032000
0 0.384867 0.427257 0.019047 0.023653
0 0.289570 0.596806 0.080234 0.164167
0 0.447813 0.457743 0.046500 0.048264
0 0.491508 0.462472 0.038531 0.040222
0 0.839027 0.618604 0.091758 0.080875
0 0.722699 0.548438 0.064523 0.070153
0 0.595125 0.529507 0.048922 0.059014
0 0.500207 0.555729 0.064477 0.070764
0 0.531914 0.678674 0.069141 0.113208
0 0.626465 0.499549 0.051211 0.053181
0 0.440367 0.581764 0.051609 0.067083
0 0.351211 0.470833 0.042109 0.065833
