0 0.308086 0.469326 0.038641 0.033458
0 0.266645 0.407097 0.023430 0.023000
0 0.238816 0.408264 0.024367 0.020000
0 0.193359 0.397431 0.014813 0.017000
0 0.319547 0.405354 0.022750 0.016792
0 0.398691 0.446736 0.031102 0.027944
0 0.635223 0.557438 0.058961 0.051931
0 0.772852 0.652861 0.078312 0.090583
0 0.814422 0.519597 0.059906 0.057917
0 0.768801 0.568944 0.067367 0.067306
0 0.608117 0.889674 0.110719 0.182292
0 0.275813 0.707993 0.062688 0.101264
0 0.271941 0.832722 0.080508 0.161889
0 0.686523 0.742688 0.090188 0.116347
0 0.497332 0.481389 0.042758 0.038750
0 0.462691 0.949444 0.114289 0.095083
0 0.762918 0.409319 0.037430 0.050444
0 0.965617 0.707667 0.064375 0.065278
0 0.597129 0.464424 0.033539 0.040903
0 0.428770 0.437007 0.037148 0.032097
0 0.326355 0.422674 0.034852 0.024236
0 0.555930 0.465208 0.052984 0.048750
0 0.478039 0.612354 0.062188 0.084986
0 0.377566 0.617889 0.053242 0.093278
0 0.239977 0.532556 0.036141 0.044222
0 0.274961 0.489854 0.037156 0.042319
