0 0.502387 0.554028 0.049195 0.056472
0 0.866848 0.720812 0.096039 0.097514
0 0.620637 0.550562 0.052273 0.055542
0 0.659371 0.514181 0.059820 0.047861
0 0.396125 0.691528 0.059344 0.093444
0 0.745027 0.559569 0.055695 0.054778
0 0.266664 0.540000 0.038859 0.058333
0 0.242320 0.467264 0.038234 0.051583
0 0.779867 0.545604 0.043484 0.039958
0 0.734141 0.621951 0.070156 0.073347
0 0.206777 0.485319 0.029867 0.055639
0 0.287945 0.502681 0.037891 0.041806
0 0.561344 0.512340 0.047687 0.046736
0 0.367961 0.511361 0.045172 0.052639
0 0.428500 0.502368 0.041422 0.048653
0 0.506891 0.444785 0.118000 0.130708
0 0.439891 0.439965 0.032531 0.033153
0 0.347719 0.433021 0.033828 0.027764
0 0.222207 0.426292 0.030555 0.027333
0 0.195871 0.437285 0.018367 0.027319
0 0.218547 0.403299 0.029250 0.021986
0 0.452141 0.959917 0.119203 0.080167
